params,mean_fit_time,mean_score_time,mean_test_score,mean_train_score,param_algorithm,param_leaf_size,param_n_neighbors,param_weights,rank_test_score,split0_test_score,split0_train_score,split1_test_score,split1_train_score,split2_test_score,split2_train_score,split3_test_score,split3_train_score,split4_test_score,split4_train_score,split5_test_score,split5_train_score,split6_test_score,split6_train_score,split7_test_score,split7_train_score,std_fit_time,std_score_time,std_test_score,std_train_score
"{'n_neighbors': 85, 'weights': 'uniform', 'leaf_size': 46, 'algorithm': 'ball_tree'}",0.0020926296711,0.00835463404655,-0.00759268202491,0.0165518694313,ball_tree,46,85,uniform,3,0.00710267334269,0.0134702344939,-0.0123932148206,0.0185931214253,-0.0152599802756,0.0133019608971,-0.0186240520368,0.0171395809315,-0.0041699987802,0.0167488798496,-0.0151005981123,0.0175402715056,-0.008052034564,0.01778068113,0.00582051828629,0.0178402252173,0.000262466735262,0.00103432383987,0.00913523113391,0.0018959194493
"{'n_neighbors': 85, 'weights': 'distance', 'leaf_size': 46, 'algorithm': 'ball_tree'}",0.00311201810837,0.0109229683876,-0.011510227636,0.997841949395,ball_tree,46,85,distance,11,0.00427239069701,0.997216744243,-0.0146523302637,0.997249599203,-0.0165136954478,0.998882902992,-0.0213566450945,0.997749181999,0.000798557177079,0.998293480141,-0.017909033609,0.997224689667,-0.0162700993687,0.997279647815,-0.0104695612053,0.9988393491,0.000999014044977,0.00249366517255,0.00864414005997,0.000682809383921
"{'n_neighbors': 95, 'weights': 'uniform', 'leaf_size': 46, 'algorithm': 'ball_tree'}",0.00401932001114,0.0111208260059,-0.0109480294185,0.0119366287806,ball_tree,46,95,uniform,5,0.00356144330275,0.00942692128964,-0.0130726112443,0.0128849791889,-0.0150874732121,0.00954039588283,-0.0190185435793,0.0117388536348,-0.00666395080582,0.0122272097649,-0.0216650165236,0.0132704162224,-0.0144075145396,0.0134062999221,-0.00119912163261,0.0129979543394,0.00423796100522,0.0022579834216,0.00819801997381,0.00150535787896
"{'n_neighbors': 95, 'weights': 'distance', 'leaf_size': 46, 'algorithm': 'ball_tree'}",0.00217640399933,0.00846636295319,-0.0136600114189,0.997841949395,ball_tree,46,95,distance,13,0.00206354172996,0.997216744243,-0.0150096302727,0.997249599203,-0.0168029754813,0.998882902992,-0.0215185612294,0.997749181999,-0.0012149695293,0.998293480141,-0.0221907073175,0.997224689667,-0.0193386015133,0.997279647815,-0.0153048046547,0.9988393491,0.000743052625593,0.00179597764657,0.00854287159854,0.000682809383921
"{'n_neighbors': 85, 'weights': 'uniform', 'leaf_size': 51, 'algorithm': 'ball_tree'}",0.00177574157715,0.00735777616501,-0.00759268202491,0.0165518694313,ball_tree,51,85,uniform,3,0.00710267334269,0.0134702344939,-0.0123932148206,0.0185931214253,-0.0152599802756,0.0133019608971,-0.0186240520368,0.0171395809315,-0.0041699987802,0.0167488798496,-0.0151005981123,0.0175402715056,-0.008052034564,0.01778068113,0.00582051828629,0.0178402252173,7.38225121985e-05,0.000380434960188,0.00913523113391,0.0018959194493
"{'n_neighbors': 85, 'weights': 'distance', 'leaf_size': 51, 'algorithm': 'ball_tree'}",0.00201311707497,0.00810760259628,-0.011510227636,0.997841949395,ball_tree,51,85,distance,11,0.00427239069701,0.997216744243,-0.0146523302637,0.997249599203,-0.0165136954478,0.998882902992,-0.0213566450945,0.997749181999,0.000798557177079,0.998293480141,-0.017909033609,0.997224689667,-0.0162700993687,0.997279647815,-0.0104695612053,0.9988393491,0.000344098103422,0.00121131598114,0.00864414005997,0.000682809383921
"{'n_neighbors': 95, 'weights': 'uniform', 'leaf_size': 51, 'algorithm': 'ball_tree'}",0.00184801220894,0.00824040174484,-0.0109480294185,0.0119366287806,ball_tree,51,95,uniform,5,0.00356144330275,0.00942692128964,-0.0130726112443,0.0128849791889,-0.0150874732121,0.00954039588283,-0.0190185435793,0.0117388536348,-0.00666395080582,0.0122272097649,-0.0216650165236,0.0132704162224,-0.0144075145396,0.0134062999221,-0.00119912163261,0.0129979543394,0.000105599410465,0.000457184453521,0.00819801997381,0.00150535787896
"{'n_neighbors': 95, 'weights': 'distance', 'leaf_size': 51, 'algorithm': 'ball_tree'}",0.00193467736244,0.008306235075,-0.0136600114189,0.997841949395,ball_tree,51,95,distance,13,0.00206354172996,0.997216744243,-0.0150096302727,0.997249599203,-0.0168029754813,0.998882902992,-0.0215185612294,0.997749181999,-0.0012149695293,0.998293480141,-0.0221907073175,0.997224689667,-0.0193386015133,0.997279647815,-0.0153048046547,0.9988393491,0.000193752026247,0.000765880205546,0.00854287159854,0.000682809383921
"{'n_neighbors': 85, 'weights': 'uniform', 'leaf_size': 46, 'algorithm': 'kd_tree'}",0.00218114256859,0.00458380579948,-0.00755379225002,0.0165509062601,kd_tree,46,85,uniform,1,0.00710267334269,0.0134738490008,-0.0123932148206,0.0185608757617,-0.0154726644692,0.0132886218735,-0.0186240520368,0.0171664813444,-0.00363625173017,0.0167476433962,-0.0151005981123,0.0175399672257,-0.00806242004654,0.0177911035054,0.00582051828629,0.0178387079732,0.000555455731833,0.000300810568861,0.00918471151761,0.00189549335372
"{'n_neighbors': 85, 'weights': 'distance', 'leaf_size': 46, 'algorithm': 'kd_tree'}",0.00243264436722,0.00532424449921,-0.0114832595845,0.997841949395,kd_tree,46,85,distance,9,0.00427239069701,0.997216744243,-0.0146523302637,0.997249599203,-0.0166526516336,0.998882902992,-0.0213566450945,0.997749181999,0.00115930674773,0.998293480141,-0.017909033609,0.997224689667,-0.0162764497734,0.997279647815,-0.0104695612053,0.9988393491,0.000545556357949,0.00079314125006,0.00871964379157,0.000682809383921
"{'n_neighbors': 95, 'weights': 'uniform', 'leaf_size': 46, 'algorithm': 'kd_tree'}",0.00197112560272,0.0048163831234,-0.0109501525163,0.0119367421155,kd_tree,46,95,uniform,7,0.00346323393449,0.00942180660898,-0.0130726112443,0.0128816445668,-0.0150874732121,0.00954114709237,-0.0190185435793,0.0117504307842,-0.00666395080582,0.012220918067,-0.0215907013088,0.0132559785219,-0.0144075145396,0.013409738849,-0.00119215620338,0.0130122724339,0.000177316956027,0.000630756098052,0.00816518821426,0.00150577862673
"{'n_neighbors': 95, 'weights': 'distance', 'leaf_size': 46, 'algorithm': 'kd_tree'}",0.00227266550064,0.00588864088058,-0.0136642858297,0.997841949395,kd_tree,46,95,distance,15,0.00197864177798,0.997216744243,-0.0150096302727,0.997249599203,-0.0168029754813,0.998882902992,-0.0215185612294,0.997749181999,-0.0012149695293,0.998293480141,-0.0221443988384,0.997224689667,-0.0193386015133,0.997279647815,-0.0153003434178,0.9988393491,0.00046100277232,0.00152107785803,0.00851744961281,0.000682809383921
"{'n_neighbors': 85, 'weights': 'uniform', 'leaf_size': 51, 'algorithm': 'kd_tree'}",0.00238043069839,0.00523522496223,-0.00755379225002,0.0165509062601,kd_tree,51,85,uniform,1,0.00710267334269,0.0134738490008,-0.0123932148206,0.0185608757617,-0.0154726644692,0.0132886218735,-0.0186240520368,0.0171664813444,-0.00363625173017,0.0167476433962,-0.0151005981123,0.0175399672257,-0.00806242004654,0.0177911035054,0.00582051828629,0.0178387079732,0.000511482244891,0.000818731417865,0.00918471151761,0.00189549335372
"{'n_neighbors': 85, 'weights': 'distance', 'leaf_size': 51, 'algorithm': 'kd_tree'}",0.00218179821968,0.00502771139145,-0.0114832595845,0.997841949395,kd_tree,51,85,distance,9,0.00427239069701,0.997216744243,-0.0146523302637,0.997249599203,-0.0166526516336,0.998882902992,-0.0213566450945,0.997749181999,0.00115930674773,0.998293480141,-0.017909033609,0.997224689667,-0.0162764497734,0.997279647815,-0.0104695612053,0.9988393491,0.00036445367033,0.000920337922096,0.00871964379157,0.000682809383921
"{'n_neighbors': 95, 'weights': 'uniform', 'leaf_size': 51, 'algorithm': 'kd_tree'}",0.00250652432442,0.00559595227242,-0.0109501525163,0.0119367421155,kd_tree,51,95,uniform,7,0.00346323393449,0.00942180660898,-0.0130726112443,0.0128816445668,-0.0150874732121,0.00954114709237,-0.0190185435793,0.0117504307842,-0.00666395080582,0.012220918067,-0.0215907013088,0.0132559785219,-0.0144075145396,0.013409738849,-0.00119215620338,0.0130122724339,0.000566827341158,0.000569636515718,0.00816518821426,0.00150577862673
"{'n_neighbors': 95, 'weights': 'distance', 'leaf_size': 51, 'algorithm': 'kd_tree'}",0.00259160995483,0.00581014156342,-0.0136642858297,0.997841949395,kd_tree,51,95,distance,15,0.00197864177798,0.997216744243,-0.0150096302727,0.997249599203,-0.0168029754813,0.998882902992,-0.0215185612294,0.997749181999,-0.0012149695293,0.998293480141,-0.0221443988384,0.997224689667,-0.0193386015133,0.997279647815,-0.0153003434178,0.9988393491,0.000624149501998,0.00103793981295,0.00851744961281,0.000682809383921
